Generating HKS embeddings for PTC.
True
[[0.59405941 0.59379913 0.59352754 ... 0.         0.         0.        ]
 [0.57659011 0.57558045 0.57452853 ... 0.         0.         0.40000001]
 [0.80427303 0.8039197  0.80355098 ... 0.         0.         0.        ]
 [0.21024315 0.21015272 0.21005845 ... 0.         0.         0.        ]
 [0.21024317 0.21015274 0.2100585  ... 0.         0.         0.        ]]
(5, 244)
[[0.5765895  0.57557974 0.57452763 ... 0.         0.         0.40000001]
 [0.59406052 0.59380023 0.59352862 ... 0.         0.         0.        ]
 [0.57658943 0.5755797  0.57452763 ... 0.         0.         0.40000001]
 ...
 [0.59405823 0.59379791 0.59352629 ... 0.         0.         0.        ]
 [0.57658864 0.57557888 0.57452677 ... 0.         0.         0.40000001]
 [0.5940598  0.59379941 0.5935279  ... 0.         0.         0.        ]]
(21, 244)
[[0.58629087 0.58577571 0.58523844 ... 0.40000001 0.         0.        ]
 [0.58342166 0.58265598 0.58185782 ... 0.         0.40000001 0.        ]
 [0.59611616 0.59585531 0.59558319 ... 0.         0.         0.        ]
 ...
 [0.68087955 0.68058858 0.6802851  ... 0.         0.         0.        ]
 [0.68087919 0.68058829 0.68028474 ... 0.         0.         0.        ]
 [0.62163863 0.62137456 0.62109904 ... 0.         0.         0.        ]]
(22, 244)
[[0.58235521 0.58159018 0.58079267 ... 0.         0.40000001 0.        ]
 [0.59406012 0.59379981 0.59352822 ... 0.         0.         0.        ]
 [0.5823545  0.58158942 0.58079191 ... 0.         0.40000001 0.        ]
 ...
 [0.53113368 0.53090125 0.53065867 ... 0.         0.         0.        ]
 [0.59405923 0.59379895 0.59352736 ... 0.         0.         0.        ]
 [0.59405887 0.59379855 0.59352701 ... 0.         0.         0.        ]]
(35, 244)
[[0.57659039 0.57558067 0.57452867 ... 0.         0.         0.40000001]
 [0.6043263  0.60406151 0.60378513 ... 0.         0.         0.        ]
 [0.60432608 0.60406115 0.60378492 ... 0.         0.         0.        ]
 ...
 [0.34100962 0.34086127 0.34070663 ... 0.         0.         0.        ]
 [0.54092746 0.54068227 0.54042649 ... 0.         0.         0.        ]
 [0.54092849 0.54068327 0.54042749 ... 0.         0.         0.        ]]
(29, 244)
[[0.57658939 0.57557967 0.57452767 ... 0.         0.         0.40000001]
 [0.47028383 0.47007827 0.46986387 ... 0.         0.         0.        ]
 [0.57658982 0.57558017 0.57452821 ... 0.         0.         0.40000001]
 ...
 [0.51473823 0.51451303 0.5142781  ... 0.         0.         0.        ]
 [0.51453559 0.5143105  0.51407568 ... 0.         0.         0.        ]
 [0.91009955 0.90969937 0.9092818  ... 0.         0.         0.        ]]
(11, 244)
[[0.59710729 0.59684565 0.59657264 ... 0.         0.         0.        ]
 [0.58235478 0.58158971 0.58079224 ... 0.         0.40000001 0.        ]
 [0.59710786 0.59684622 0.59657325 ... 0.         0.         0.        ]
 ...
 [0.59405891 0.59379863 0.59352708 ... 0.         0.         0.        ]
 [0.59405944 0.5937992  0.59352762 ... 0.         0.         0.        ]
 [0.59405891 0.59379863 0.59352708 ... 0.         0.         0.        ]]
(29, 244)
hihi
(5, 244) (5, 244)
[[0.59405941 0.59379913 0.59352754 ... 0.         0.         0.        ]
 [0.57659011 0.57558045 0.57452853 ... 0.         0.         0.40000001]
 [0.80427303 0.8039197  0.80355098 ... 0.         0.         0.        ]
 [0.21024315 0.21015272 0.21005845 ... 0.         0.         0.        ]
 [0.21024317 0.21015274 0.2100585  ... 0.         0.         0.        ]]
[[0.59405941 0.59379913 0.59352754 ... 0.         0.         0.        ]
 [0.57659011 0.57558045 0.57452853 ... 0.         0.         0.40000001]
 [0.80427303 0.8039197  0.80355098 ... 0.         0.         0.        ]
 [0.21024315 0.21015272 0.21005845 ... 0.         0.         0.        ]
 [0.21024317 0.21015274 0.2100585  ... 0.         0.         0.        ]]
0 0
[[0.00000000e+00 1.75044923e+00 1.87434027e+00 3.42224596e+00
  3.42224575e+00]
 [1.75044923e+00 0.00000000e+00 3.35468789e+00 2.49738157e+00
  2.49738138e+00]
 [1.87434027e+00 3.35468789e+00 0.00000000e+00 5.29658623e+00
  5.29658601e+00]
 [3.42224596e+00 2.49738157e+00 5.29658623e+00 0.00000000e+00
  2.76375368e-07]
 [3.42224575e+00 2.49738138e+00 5.29658601e+00 2.76375368e-07
  0.00000000e+00]]
[[0. 0. 0. ... 0. 0. 0.]
 [0. 0. 0. ... 0. 0. 0.]
 [0. 0. 0. ... 0. 0. 0.]
 [0. 0. 0. ... 0. 0. 0.]
 [0. 0. 0. ... 0. 0. 0.]]
hihi
(5, 244) (21, 244)
[[0.59405941 0.59379913 0.59352754 ... 0.         0.         0.        ]
 [0.57659011 0.57558045 0.57452853 ... 0.         0.         0.40000001]
 [0.80427303 0.8039197  0.80355098 ... 0.         0.         0.        ]
 [0.21024315 0.21015272 0.21005845 ... 0.         0.         0.        ]
 [0.21024317 0.21015274 0.2100585  ... 0.         0.         0.        ]]
[[0.5765895  0.57557974 0.57452763 ... 0.         0.         0.40000001]
 [0.59406052 0.59380023 0.59352862 ... 0.         0.         0.        ]
 [0.57658943 0.5755797  0.57452763 ... 0.         0.         0.40000001]
 ...
 [0.59405823 0.59379791 0.59352629 ... 0.         0.         0.        ]
 [0.57658864 0.57557888 0.57452677 ... 0.         0.         0.40000001]
 [0.5940598  0.59379941 0.5935279  ... 0.         0.         0.        ]]
0 1
[[2.17970148 0.92017203 2.16356331 0.91379826 1.82047047 0.88577264
  2.16356331 0.91379832 2.17970243 0.92017323 2.17753916 0.91831809
  2.11158507 0.89181252 0.89181262 2.17753733 0.91831863 2.17970178
  0.92017288 2.17970553 0.92017341]
 [1.01655445 1.95426618 1.00442875 1.95281287 1.15782608 1.97789942
  1.00442866 1.95282731 1.01655489 1.95425803 1.01364307 1.953536
  0.96350336 1.94764615 1.94764467 1.0136421  1.95351816 1.01655469
  1.95425197 1.01655569 1.95426132]
 [3.64434935 2.0984652  3.63135029 2.09500579 3.24845478 2.06472633
  3.6313501  2.09498605 3.64435024 2.09847695 3.64282419 2.09758897
  3.59032003 2.08326424 2.08326642 3.64282164 2.09761307 3.64434914
  2.09848479 3.64435516 2.0984725 ]
 [2.70232308 3.53252138 2.69762181 3.53159491 2.86779627 3.54395506
  2.69762225 3.53161634 2.70232304 3.53250951 2.70115128 3.53210825
  2.68146045 3.52839315 3.52839087 2.70115341 3.5320825  2.70232428
  3.53250076 2.702318   3.53251447]
 [2.7023229  3.53252117 2.69762163 3.5315947  2.86779608 3.54395485
  2.69762207 3.53161613 2.70232287 3.5325093  2.7011511  3.53210804
  2.68146027 3.52839294 3.52839066 2.70115324 3.53208229 2.70232411
  3.53250055 2.70231783 3.53251426]]
